603 209
671 193
770 185
906 170
766 110
759 42
809 222
833 264
857 302
887 352
920 401
517 260
957 448
788 467
984 327
596 78
460 153
514 131
505 83
465 345
368 350
369 430
262 444
461 428
530 430
679 356
518 575
588 648
326 603
433 766
504 761
692 474
677 680
825 641
739 852
948 832
873 727
784 584
1086 743
1078 636
1026 543
663 425
626 563
1084 161
746 529
232 196
293 114
369 35
1070 318
899 103
250 320
783 342
603 209
671 193
770 185
906 170
766 110
759 42
809 222
833 264
857 302
887 352
920 401
517 260
957 448
788 467
984 327
596 78
460 153
514 131
505 83
465 345
368 350
369 430
262 444
461 428
530 430
679 356
518 575
588 648
326 603
433 766
504 761
692 474
677 680
825 641
739 852
948 832
873 727
784 584
1086 743
1078 636
1026 543
663 425
626 563
1084 161
746 529
232 196
293 114
369 35
1070 318
899 103
250 320
783 342
